#   daycausmin    daycausmax    deltcaus    delfine    gridUstar    hcut    iend    grid_rat
        9075.0        9125.0       0.002      0.002         0.02    0.15       2         2.0
#   jclr         fudge    errmin    fmin    fmax    ald    bld    dayoff  sfx           
      15  1.5              0.003  -1e+09   1e+09    0.0    0.0  0.0       fco        174.8942    -36.8953
      16  1.5              0.003  -1e+09   1e+09    0.0    0.0  0.0       tur        175.6539    -40.4119
      17  1.5              0.003  -1e+09   1e+09    0.0    0.0  0.0       lco1       174.894     -36.8936
      18  1.5              0.003  -1e+09   1e+09    0.0    0.0  0.0       pos        177.891     -38.624
      19  1.5              0.003  -1e+09   1e+09    0.0    0.0  0.003125  kko         21.667     -33.533
      20  1.5              0.003  -1e+09   1e+09    0.0    0.0  0.0       kum        174.5247    -36.8064
      21  1.5              0.003  -1e+09   1e+09    0.0    0.0  0.0       pest       115.798     -31.9928
      22  1.5              0.003  -1e+09   1e+09    0.0    0.0  0.0       pos35      177.891     -38.624
      23  1.5              0.003  -1e+09   1e+09    0.0    0.0  0.0       auck       174.7769    -36.9061
      30  1.5              0.003  -1e+09   1e+09    0.0    0.0  0.0       moa2r      170.465     -43.9867
      31  1.5              0.003  -1e+09   1e+09    0.0    0.0  0.0       kmtA22     149.062556  -31.271194
      32  0.8              0.003  -1e+09   1e+09    0.0    0.0  0.0       moa2v      170.465     -43.9867
      25  1.255            0.003  -1e+09   1e+09    0.0    0.0  0.0       saao        20.8107    -32.3794
      25  1.255            0.003  -1e+09   1e+09    0.0    0.0  0.0       omega       20.8107    -32.3794
       0  0.0              0.0     0.0     0.0      0.0    0.0  0.0       null         0.0         0.0
       1  0.0              0.0     0.0     0.0      0.0    0.0  0.0       null         0.0         0.0
       2  0.0              0.0     0.0     0.0      0.0    0.0  0.0       null         0.0         0.0
       3  0.0              0.0     0.0     0.0      0.0    0.0  0.0       null         0.0         0.0
       4  0.0              0.0     0.0     0.0      0.0    0.0  0.0       null         0.0         0.0
       5  0.0              0.0     0.0     0.0      0.0    0.0  0.0       null         0.0         0.0
       6  0.0              0.0     0.0     0.0      0.0    0.0  0.0       null         0.0         0.0
       7  0.0              0.0     0.0     0.0      0.0    0.0  0.0       null         0.0         0.0
       8  0.0              0.0     0.0     0.0      0.0    0.0  0.0       null         0.0         0.0
       9  0.0              0.0     0.0     0.0      0.0    0.0  0.0       null         0.0         0.0
      10  0.0              0.0     0.0     0.0      0.0    0.0  0.0       null         0.0         0.0
      11  0.0              0.0     0.0     0.0      0.0    0.0  0.0       null         0.0         0.0
      12  0.0              0.0     0.0     0.0      0.0    0.0  0.0       null         0.0         0.0
      13  0.0              0.0     0.0     0.0      0.0    0.0  0.0       null         0.0         0.0
      14  0.0              0.0     0.0     0.0      0.0    0.0  0.0       null         0.0         0.0
      24  0.0              0.0     0.0     0.0      0.0    0.0  0.0       null         0.0         0.0
      25  0.0              0.0     0.0     0.0      0.0    0.0  0.0       null         0.0         0.0
      26  0.0              0.0     0.0     0.0      0.0    0.0  0.0       null         0.0         0.0
      27  0.0              0.0     0.0     0.0      0.0    0.0  0.0       null         0.0         0.0
      28  0.0              0.0     0.0     0.0      0.0    0.0  0.0       null         0.0         0.0
      29  0.0              0.0     0.0     0.0      0.0    0.0  0.0       null         0.0         0.0